0
0
0
0
0
0
0
0
0
0.001
0
0
0
0
0
0
0
0
0
0
0
0.003
0
0
0.001
0
0.001
0
0
0
0
0
0
0
0
0
0
0
0
0
0
0
0
0
0
0
0
0
0
0.015
0
0
0
0
0
0
0
0
0
0
0
0
0.016
0.002
0
0
0
0
0
0
0
0.012
0.001
0
0
0
0
0
0
0
0
0
0
0.015
0
0
0
0
0
0
0
0
0
0.016
0
0
0
0
0
0
0
0
0.016
0
0
0
0
0
0
0
0.015
0
0
0
0
0
0
0.016
0
0
0
0
0
0
0.015
0
0
0
0
0
0
0.016
0
0
0
0
0
0.016
0
0
0
0
0
0.015
0
0
0
0
0
0.016
0.001
0
0
0
0
0.016
0
0
0
0
0.015
0
0
0
0
0.016
0
0
0
0
0.016
0
0
0
0
0.016
0.001
0
0
0
0.016
0
0
0
0
0.016
0
0
0
0.016
0
0
0
0
0.016
0
0
0
0.015
0
0
0
0.016
0
0
0
0.015
0
0
0
0.016
0
0
0
0.017
0
0
0
0.017
0
0
0
0.015
0
0
0.016
0
0
0
0.016
0
0
0.015
0
0
0
0.018
0
0
0
0.002
0
0
0.017
0
0
0
0.016
0
0
0.015
0
0
0.017
0
0
0.016
0.001
0
0
0.018
0
0
0.021
0.001
0
0.015
0
0
0.016
0
0
0
0
0.015
0
0
0.016
0
0.015
0
0
0.016
0
0
0.016
0
0
0.015
0
0
0.016
0
0.016
0
0
0.015
0
0
0.019
0.011
0.016
0.003
0
0.016
0
0
0.015
0
0.016
0
0
0.02
0.008
0.007
0.008
0.008
0.007
0.005
0.01
0
0
0.016
0
0.016
0.002
0
0.016
0
0.015
0.001
0
0.017
0
0.016
0
0
0.016
0
0.016
0
0
0.016
0
0.015
0
0.016
0
0.017
0
0
0.015
0
0.016
0
0.019
0.001
0
0.016
0
0.015
0
0.017
0
0.016
0
0.015
0
0
0.017
0
0.016
0
0.015
0
0.016
0
0.017
0
0.017
0
0.015
0
0
0.016
0
0.001
0
0.016
0
0.016
0
0.016
0
0.018
0
0.016
0
0.016
0
0.017
0
0.015
0
0.018
0
0.017
0
0.016
0
0.019
0.009
0
0.015
0.007
0.016
0.004
0.017
0.012
0.002
0.014
0.008
0.009
0.008
0.01
0.013
0.003
0.016
0.003
0.013
0.009
0.008
0.015
0.002
0.016
0.001
0.017
0
0.015
0
0.016
0
0.017
0.015
0.016
0
0.016
0
0.021
0
0.018
0.016
0
0.019
0
0.017
0
0.016
0
0.015
0.016
0
0.015
0
0.017
0.016
0
0.015
0.023
0.011
0.003
0.018
0.008
0.008
0.016
0.008
0.008
0.018
0.008
0.009
0.015
0.009
0.009
0.016
0.01
0.007
0.015
0.007
0.013
0.016
0.01
0.012
0.012
0.01
0.005
0.021
0.011
0.012
0.012
0.012
0.011
0.006
0.016
0.014
0.007
0.014
0.014
0.013
0.009
0.014
0.014
0.005
0.013
0.016
0.016
0.014
0.013
0.014
0.014
0.016
0.015
0.014
0.015
0.014
0.013
0.01
0.009
0.017
0.008
0.01
0.016
0.015
0.004
0.016
0.018
0.013
0.013
0.012
0.012
0.015
0.012
0.013
0.012
0.014
0.013
0.012
0.012
0.011
0.016
0.008
0.011
0.009
0.016
0.01
0.015
0.007
0.017
0.017
0.014
0.01
0.009
0.017
0.014
0.011
0.007
0.019
0.013
0.011
0.009
0.015
0.015
0.013
0.013
0.01
0.015
0.016
0.002
0.016
0.017
0
0.017
0.015
0.016
0.023
0
0.001
0.015
0.018
0
0.017
0.016
0.015
0.016
0
0.016
0.015
0.019
0.011
0.016
0
0.012
0.012
0.015
0.011
0.016
0.024
0.033
0.025
0.026
0.038
0.028
0.023
0.036
0.024
0.036
0.03
0.022
0.037
0.024
0.023
0.025
0.014
0.014
0.012
0.017
0.021
0.014
0.012
0.014
0.017
0.016
0.013
0.012
0.013
0.022
0.01
0.019
0.014
0.015
0.017
0.015
0.014
0.011
0.012
0.016
0.013
0.012
0.017
0.014
0.021
0.014
0.014
0.016
0.015
0.016
0.015
0.013
0.017
0.014
0.013
0.013
0.017
0.021
0.013
0.016
0.017
0.016
0.015
0.017
0.016
0.009
0.018
0.016
0.017
0.016
0.017
0.009
0.016
0.016
0.01
0.016
0.017
0.023
0.012
0.014
0.019
0.016
0.068
0.025
0.017
0.017
0.007
0.03
0.043
0.032
0.03
0.028
0.02
0.031
0.035
0.038
0.032
0.021
0.028
0.035
0.033
0.026
0.016
0.031
0.033
0.048
0.033
0.023
0.047
0.031
0.019
0.032
0.038
0.025
0.029
0.031
0.031
0.033
0.017
0.032
0.033
0.036
0.032
0.017
0.031
0.035
0.027
0.037
0.022
0.032
0.034
0.038
0.028
0.027
0.034
0.025
0.029
0.028
0.033
0.027
0.024
0.049
0.033
0.031
0.035
0.025
0.04
0.034
0.035
0.027
0.039
0.025
0.034
0.024
0.037
0.027
0.025
0.039
0.022
0.037
0.031
0.019
0.038
0.031
0.033
0.034
0.031
0.036
0.025
0.032
0.035
0.018
0.031
0.047
0.031
0.021
0.014
0.025
0.035
0.027
0.046
0.069
0.029
0.026
0.028
0.035
0.032
0.032
0.036
0.032
0.05
0.035
0.033
0.065
0.052
0.067
0.05
0.049
0.034
0.051
0.035
0.033
0.034
0.035
0.033
0.052
0.066
0.071
0.062
0.065
0.05
0.051
0.034
0.032
0.035
0.032
0.034
0.034
0.048
0.018
0.049
0.034
0.034
0.033
0.033
0.033
0.025
0.033
0.028
0.047
0.035
0.04
0.052
0.033
0.067
0.049
0.033
0.041
0.026
0.037
0.033
0.04
0.037
0.026
0.034
0.039
0.025
0.039
0.037
0.037
0.035
0.036
0.028
0.041
0.034
0.038
0.031
0.033
0.048
0.035
0.038
0.034
0.033
0.032
0.035
0.036
0.047
0.034
0.04
0.039
0.036
0.026
0.035
0.04
0.066
0.06
0.047
0.032
0.034
0.033
0.051
0.031
0.033
0.047
0.031
0.047
0.032
0.038
0.04
0.04
0.038
0.027
0.035
0.036
0.03
0.037
0.038
0.045
0.03
0.041
0.035
0.031
0.042
0.035
0.04
0.037
0.045
0.032
0.033
0.052
0.034
0.037
0.031
0.044
0.033
0.048
0.032
0.041
0.062
0.071
0.065
0.069
0.056
0.052
0.031
0.047
0.04
0.04
0.038
0.034
0.038
0.066
0.049
0.049
0.035
0.04
0.063
0.047
0.045
0.034
0.037
0.044
0.039
0.065
0.066
0.053
0.038
0.039
0.038
0.034
0.043
0.034
0.039
0.062
0.064
0.063
0.056
0.039
0.063
0.031
0.047
0.045
0.043
0.044
0.038
0.038
0.049
0.032
0.055
0.043
0.031
0.048
0.037
0.031
0.048
0.047
0.033
0.058
0.034
0.041
0.04
0.049
0.038
0.036
0.041
0.036
0.05
0.066
0.031
0.057
0.033
0.031
0.05
0.047
0.033
